{
  "disciplines": [
    "AS_Gus",
    "CILE_Pol",
    "CLA_Pol",
    "CPH_Mor",
    "DEIC_San",
    "ELClass_Zot",
    "ELSPS_Zot",
    "EOK_Geu",
    "GLD_Gog",
    "NAL_Car",
    "NAL_DiL",
    "SCSA_Bon"
  ],
  "cosine_similarity": [
    [
      0.999999999999997,
      0.25955837497469675,
      0.1984499554117943,
      0.3915351819860992,
      0.2383722426576401,
      0.1625577598099261,
      0.18241443034700752,
      0.34824039389213884,
      0.3556291507771599,
      0.24507857075159567,
      0.18758090073769773,
      0.1564736148129532
    ],
    [
      0.25955837497469675,
      1.0000000000000102,
      0.36589302548097036,
      0.23127194135483928,
      0.14446971287803603,
      0.11554271045754524,
      0.15474529410338594,
      0.24872507735726923,
      0.24231734231661953,
      0.1457901099979612,
      0.11032093916281221,
      0.15297874254298388
    ],
    [
      0.1984499554117943,
      0.36589302548097036,
      1.000000000000002,
      0.18711253897702126,
      0.10132414031032565,
      0.08667626266248153,
      0.128283206312133,
      0.20173878935136738,
      0.18742722738279025,
      0.10751639311227099,
      0.08406826139865704,
      0.1366382409878327
    ],
    [
      0.3915351819860992,
      0.23127194135483928,
      0.18711253897702126,
      0.9999999999999991,
      0.15850143705559408,
      0.14666906184465256,
      0.16361322500443168,
      0.25727431115703064,
      0.26007696997597596,
      0.2332246482078757,
      0.1826872597834782,
      0.1361921804406766
    ],
    [
      0.2383722426576401,
      0.14446971287803603,
      0.10132414031032565,
      0.15850143705559408,
      1.0000000000000002,
      0.06535609513806813,
      0.07941403795904939,
      0.2741554716466457,
      0.21267501026882726,
      0.10568917785850139,
      0.0732788716886167,
      0.08354216306597541
    ],
    [
      0.1625577598099261,
      0.11554271045754524,
      0.08667626266248153,
      0.14666906184465256,
      0.06535609513806813,
      1.0000000000000007,
      0.1663609142709391,
      0.11617261516344063,
      0.10253174820278224,
      0.13192626079101516,
      0.12986808817356807,
      0.07387482817386858
    ],
    [
      0.18241443034700752,
      0.15474529410338594,
      0.128283206312133,
      0.16361322500443168,
      0.07941403795904939,
      0.1663609142709391,
      1.0000000000000013,
      0.1361813004818016,
      0.1605661277502289,
      0.12429774815021055,
      0.11849524738185978,
      0.09474551151582046
    ],
    [
      0.34824039389213884,
      0.24872507735726923,
      0.20173878935136738,
      0.25727431115703064,
      0.2741554716466457,
      0.11617261516344063,
      0.1361813004818016,
      1.000000000000009,
      0.31085818981828506,
      0.1634551721100356,
      0.11153128413528549,
      0.15334554431402928
    ],
    [
      0.3556291507771599,
      0.24231734231661953,
      0.18742722738279025,
      0.26007696997597596,
      0.21267501026882726,
      0.10253174820278224,
      0.1605661277502289,
      0.31085818981828506,
      1.0000000000000029,
      0.2073011618881064,
      0.12605138646853226,
      0.14733107888259975
    ],
    [
      0.24507857075159567,
      0.1457901099979612,
      0.10751639311227099,
      0.2332246482078757,
      0.10568917785850139,
      0.13192626079101516,
      0.12429774815021055,
      0.1634551721100356,
      0.2073011618881064,
      1.0000000000000004,
      0.15718505917310427,
      0.07467978956449338
    ],
    [
      0.18758090073769773,
      0.11032093916281221,
      0.08406826139865704,
      0.1826872597834782,
      0.0732788716886167,
      0.12986808817356807,
      0.11849524738185978,
      0.11153128413528549,
      0.12605138646853226,
      0.15718505917310427,
      1.0000000000000047,
      0.07476903585739995
    ],
    [
      0.1564736148129532,
      0.15297874254298388,
      0.1366382409878327,
      0.1361921804406766,
      0.08354216306597541,
      0.07387482817386858,
      0.09474551151582046,
      0.15334554431402928,
      0.14733107888259975,
      0.07467978956449338,
      0.07476903585739995,
      0.9999999999999933
    ]
  ],
  "jaccard_char": {
    "n": 3,
    "matrix": [
      [
        1.0,
        0.3769,
        0.318,
        0.4116,
        0.2352,
        0.1973,
        0.2759,
        0.4043,
        0.3793,
        0.3055,
        0.3091,
        0.3566
      ],
      [
        0.3769,
        1.0,
        0.4882,
        0.4991,
        0.3234,
        0.3251,
        0.426,
        0.4307,
        0.4652,
        0.4263,
        0.4364,
        0.418
      ],
      [
        0.318,
        0.4882,
        1.0,
        0.4671,
        0.3543,
        0.3718,
        0.4446,
        0.3944,
        0.4543,
        0.4506,
        0.4536,
        0.3679
      ],
      [
        0.4116,
        0.4991,
        0.4671,
        1.0,
        0.3242,
        0.3209,
        0.4192,
        0.4459,
        0.485,
        0.4467,
        0.452,
        0.4147
      ],
      [
        0.2352,
        0.3234,
        0.3543,
        0.3242,
        1.0,
        0.3204,
        0.3464,
        0.3113,
        0.3499,
        0.3589,
        0.35,
        0.2517
      ],
      [
        0.1973,
        0.3251,
        0.3718,
        0.3209,
        0.3204,
        1.0,
        0.403,
        0.2613,
        0.3306,
        0.3825,
        0.3845,
        0.2365
      ],
      [
        0.2759,
        0.426,
        0.4446,
        0.4192,
        0.3464,
        0.403,
        1.0,
        0.341,
        0.4127,
        0.4476,
        0.4588,
        0.3204
      ],
      [
        0.4043,
        0.4307,
        0.3944,
        0.4459,
        0.3113,
        0.2613,
        0.341,
        1.0,
        0.4335,
        0.3663,
        0.3701,
        0.3826
      ],
      [
        0.3793,
        0.4652,
        0.4543,
        0.485,
        0.3499,
        0.3306,
        0.4127,
        0.4335,
        1.0,
        0.4544,
        0.4412,
        0.377
      ],
      [
        0.3055,
        0.4263,
        0.4506,
        0.4467,
        0.3589,
        0.3825,
        0.4476,
        0.3663,
        0.4544,
        1.0,
        0.4731,
        0.3195
      ],
      [
        0.3091,
        0.4364,
        0.4536,
        0.452,
        0.35,
        0.3845,
        0.4588,
        0.3701,
        0.4412,
        0.4731,
        1.0,
        0.335
      ],
      [
        0.3566,
        0.418,
        0.3679,
        0.4147,
        0.2517,
        0.2365,
        0.3204,
        0.3826,
        0.377,
        0.3195,
        0.335,
        1.0
      ]
    ]
  },
  "jaccard_word": {
    "2": [
      [
        1.0,
        0.0018,
        0.0011,
        0.0053,
        0.0025,
        0.0023,
        0.0008,
        0.0074,
        0.0058,
        0.0021,
        0.002,
        0.0004
      ],
      [
        0.0018,
        1.0,
        0.0065,
        0.0022,
        0.0019,
        0.0007,
        0.0011,
        0.0029,
        0.003,
        0.0015,
        0.0005,
        0.0017
      ],
      [
        0.0011,
        0.0065,
        1.0,
        0.0015,
        0.0004,
        0.0002,
        0.0003,
        0.0014,
        0.0016,
        0.0008,
        0.0003,
        0.0013
      ],
      [
        0.0053,
        0.0022,
        0.0015,
        1.0,
        0.002,
        0.0028,
        0.0011,
        0.0024,
        0.0027,
        0.0027,
        0.0026,
        0.0006
      ],
      [
        0.0025,
        0.0019,
        0.0004,
        0.002,
        1.0,
        0.0013,
        0.0009,
        0.0046,
        0.0039,
        0.0011,
        0.0,
        0.0007
      ],
      [
        0.0023,
        0.0007,
        0.0002,
        0.0028,
        0.0013,
        1.0,
        0.0038,
        0.0009,
        0.0005,
        0.0017,
        0.0018,
        0.0006
      ],
      [
        0.0008,
        0.0011,
        0.0003,
        0.0011,
        0.0009,
        0.0038,
        1.0,
        0.0008,
        0.0014,
        0.0013,
        0.0011,
        0.001
      ],
      [
        0.0074,
        0.0029,
        0.0014,
        0.0024,
        0.0046,
        0.0009,
        0.0008,
        1.0,
        0.0055,
        0.001,
        0.0007,
        0.002
      ],
      [
        0.0058,
        0.003,
        0.0016,
        0.0027,
        0.0039,
        0.0005,
        0.0014,
        0.0055,
        1.0,
        0.0024,
        0.0009,
        0.0011
      ],
      [
        0.0021,
        0.0015,
        0.0008,
        0.0027,
        0.0011,
        0.0017,
        0.0013,
        0.001,
        0.0024,
        1.0,
        0.0017,
        0.0006
      ],
      [
        0.002,
        0.0005,
        0.0003,
        0.0026,
        0.0,
        0.0018,
        0.0011,
        0.0007,
        0.0009,
        0.0017,
        1.0,
        0.0003
      ],
      [
        0.0004,
        0.0017,
        0.0013,
        0.0006,
        0.0007,
        0.0006,
        0.001,
        0.002,
        0.0011,
        0.0006,
        0.0003,
        1.0
      ]
    ],
    "3": [
      [
        1.0,
        0.0,
        0.0,
        0.0001,
        0.0,
        0.0,
        0.0,
        0.0002,
        0.0004,
        0.0,
        0.0,
        0.0
      ],
      [
        0.0,
        1.0,
        0.0002,
        0.0,
        0.0,
        0.0,
        0.0,
        0.0,
        0.0,
        0.0,
        0.0,
        0.0
      ],
      [
        0.0,
        0.0002,
        1.0,
        0.0,
        0.0,
        0.0,
        0.0,
        0.0,
        0.0,
        0.0,
        0.0,
        0.0
      ],
      [
        0.0001,
        0.0,
        0.0,
        1.0,
        0.0001,
        0.0001,
        0.0,
        0.0,
        0.0001,
        0.0001,
        0.0,
        0.0
      ],
      [
        0.0,
        0.0,
        0.0,
        0.0001,
        1.0,
        0.0,
        0.0,
        0.0005,
        0.0001,
        0.0,
        0.0,
        0.0
      ],
      [
        0.0,
        0.0,
        0.0,
        0.0001,
        0.0,
        1.0,
        0.0,
        0.0,
        0.0,
        0.0,
        0.0,
        0.0
      ],
      [
        0.0,
        0.0,
        0.0,
        0.0,
        0.0,
        0.0,
        1.0,
        0.0,
        0.0,
        0.0,
        0.0,
        0.0
      ],
      [
        0.0002,
        0.0,
        0.0,
        0.0,
        0.0005,
        0.0,
        0.0,
        1.0,
        0.0002,
        0.0,
        0.0,
        0.0
      ],
      [
        0.0004,
        0.0,
        0.0,
        0.0001,
        0.0001,
        0.0,
        0.0,
        0.0002,
        1.0,
        0.0,
        0.0,
        0.0
      ],
      [
        0.0,
        0.0,
        0.0,
        0.0001,
        0.0,
        0.0,
        0.0,
        0.0,
        0.0,
        1.0,
        0.0,
        0.0
      ],
      [
        0.0,
        0.0,
        0.0,
        0.0,
        0.0,
        0.0,
        0.0,
        0.0,
        0.0,
        0.0,
        1.0,
        0.0
      ],
      [
        0.0,
        0.0,
        0.0,
        0.0,
        0.0,
        0.0,
        0.0,
        0.0,
        0.0,
        0.0,
        0.0,
        1.0
      ]
    ]
  },
  "embedding_similarity": [
    [
      1.0,
      0.981,
      0.9722,
      0.9818,
      0.9737,
      0.9539,
      0.9513,
      0.9846,
      0.9909,
      0.9826,
      0.9436,
      0.9646
    ],
    [
      0.981,
      1.0,
      0.9928,
      0.9747,
      0.9461,
      0.9725,
      0.9755,
      0.9577,
      0.9859,
      0.9798,
      0.9511,
      0.9746
    ],
    [
      0.9722,
      0.9928,
      1.0,
      0.9689,
      0.934,
      0.9664,
      0.9734,
      0.9497,
      0.9821,
      0.9697,
      0.9504,
      0.9777
    ],
    [
      0.9818,
      0.9747,
      0.9689,
      1.0,
      0.9312,
      0.9649,
      0.9612,
      0.9509,
      0.9844,
      0.9878,
      0.9712,
      0.9575
    ],
    [
      0.9737,
      0.9461,
      0.934,
      0.9312,
      1.0,
      0.8914,
      0.8887,
      0.989,
      0.9569,
      0.9328,
      0.8656,
      0.9387
    ],
    [
      0.9539,
      0.9725,
      0.9664,
      0.9649,
      0.8914,
      1.0,
      0.9918,
      0.9196,
      0.97,
      0.9773,
      0.9773,
      0.9565
    ],
    [
      0.9513,
      0.9755,
      0.9734,
      0.9612,
      0.8887,
      0.9918,
      1.0,
      0.915,
      0.9689,
      0.9759,
      0.9754,
      0.9584
    ],
    [
      0.9846,
      0.9577,
      0.9497,
      0.9509,
      0.989,
      0.9196,
      0.915,
      1.0,
      0.9747,
      0.9532,
      0.9014,
      0.9561
    ],
    [
      0.9909,
      0.9859,
      0.9821,
      0.9844,
      0.9569,
      0.97,
      0.9689,
      0.9747,
      1.0,
      0.9866,
      0.9587,
      0.9754
    ],
    [
      0.9826,
      0.9798,
      0.9697,
      0.9878,
      0.9328,
      0.9773,
      0.9759,
      0.9532,
      0.9866,
      1.0,
      0.9753,
      0.9558
    ],
    [
      0.9436,
      0.9511,
      0.9504,
      0.9712,
      0.8656,
      0.9773,
      0.9754,
      0.9014,
      0.9587,
      0.9753,
      1.0,
      0.938
    ],
    [
      0.9646,
      0.9746,
      0.9777,
      0.9575,
      0.9387,
      0.9565,
      0.9584,
      0.9561,
      0.9754,
      0.9558,
      0.938,
      1.0
    ]
  ]
}