======================================================================
  SIMILARITÀ TRA DISCIPLINE  –  CORPUS
======================================================================

Metrica: cosine similarity (TF-IDF bag-of-words)

                   AS_Gus  CILE_Pol   CLA_Pol   CPH_Mor  DEIC_San  ELClass_  ELSPS_Zo   EOK_Geu   GLD_Gog   NAL_Car   NAL_DiL  SCSA_Bon
---------------------------------------------------------------------------------------------------------------------------------------
AS_Gus              1.000     0.260     0.198     0.392     0.238     0.163     0.182     0.348     0.356     0.245     0.188     0.156
CILE_Pol            0.260     1.000     0.366     0.231     0.144     0.116     0.155     0.249     0.242     0.146     0.110     0.153
CLA_Pol             0.198     0.366     1.000     0.187     0.101     0.087     0.128     0.202     0.187     0.108     0.084     0.137
CPH_Mor             0.392     0.231     0.187     1.000     0.159     0.147     0.164     0.257     0.260     0.233     0.183     0.136
DEIC_San            0.238     0.144     0.101     0.159     1.000     0.065     0.079     0.274     0.213     0.106     0.073     0.084
ELClass_Zot         0.163     0.116     0.087     0.147     0.065     1.000     0.166     0.116     0.103     0.132     0.130     0.074
ELSPS_Zot           0.182     0.155     0.128     0.164     0.079     0.166     1.000     0.136     0.161     0.124     0.118     0.095
EOK_Geu             0.348     0.249     0.202     0.257     0.274     0.116     0.136     1.000     0.311     0.163     0.112     0.153
GLD_Gog             0.356     0.242     0.187     0.260     0.213     0.103     0.161     0.311     1.000     0.207     0.126     0.147
NAL_Car             0.245     0.146     0.108     0.233     0.106     0.132     0.124     0.163     0.207     1.000     0.157     0.075
NAL_DiL             0.188     0.110     0.084     0.183     0.073     0.130     0.118     0.112     0.126     0.157     1.000     0.075
SCSA_Bon            0.156     0.153     0.137     0.136     0.084     0.074     0.095     0.153     0.147     0.075     0.075     1.000

Metrica: embedding similarity (spaCy vectors)

                   AS_Gus  CILE_Pol   CLA_Pol   CPH_Mor  DEIC_San  ELClass_  ELSPS_Zo   EOK_Geu   GLD_Gog   NAL_Car   NAL_DiL  SCSA_Bon
---------------------------------------------------------------------------------------------------------------------------------------
AS_Gus              1.000     0.981     0.972     0.982     0.974     0.954     0.951     0.985     0.991     0.983     0.944     0.965
CILE_Pol            0.981     1.000     0.993     0.975     0.946     0.973     0.976     0.958     0.986     0.980     0.951     0.975
CLA_Pol             0.972     0.993     1.000     0.969     0.934     0.966     0.973     0.950     0.982     0.970     0.950     0.978
CPH_Mor             0.982     0.975     0.969     1.000     0.931     0.965     0.961     0.951     0.984     0.988     0.971     0.958
DEIC_San            0.974     0.946     0.934     0.931     1.000     0.891     0.889     0.989     0.957     0.933     0.866     0.939
ELClass_Zot         0.954     0.973     0.966     0.965     0.891     1.000     0.992     0.920     0.970     0.977     0.977     0.957
ELSPS_Zot           0.951     0.976     0.973     0.961     0.889     0.992     1.000     0.915     0.969     0.976     0.975     0.958
EOK_Geu             0.985     0.958     0.950     0.951     0.989     0.920     0.915     1.000     0.975     0.953     0.901     0.956
GLD_Gog             0.991     0.986     0.982     0.984     0.957     0.970     0.969     0.975     1.000     0.987     0.959     0.975
NAL_Car             0.983     0.980     0.970     0.988     0.933     0.977     0.976     0.953     0.987     1.000     0.975     0.956
NAL_DiL             0.944     0.951     0.950     0.971     0.866     0.977     0.975     0.901     0.959     0.975     1.000     0.938
SCSA_Bon            0.965     0.975     0.978     0.958     0.939     0.957     0.958     0.956     0.975     0.956     0.938     1.000

Coppie più simili (cosine):
  AS_Gus               ↔  CPH_Mor               cosine=0.392
  CILE_Pol             ↔  CLA_Pol               cosine=0.366
  AS_Gus               ↔  GLD_Gog               cosine=0.356
  AS_Gus               ↔  EOK_Geu               cosine=0.348
  EOK_Geu              ↔  GLD_Gog               cosine=0.311
  DEIC_San             ↔  EOK_Geu               cosine=0.274
  CPH_Mor              ↔  GLD_Gog               cosine=0.260
  AS_Gus               ↔  CILE_Pol              cosine=0.260
  CPH_Mor              ↔  EOK_Geu               cosine=0.257
  CILE_Pol             ↔  EOK_Geu               cosine=0.249
