{
  "disciplines": [
    "AS_Gus",
    "CILE_Pol",
    "CLA_Pol",
    "CPH_Mor",
    "DEIC_San",
    "ELClass_Zot",
    "ELSPS_Zot",
    "EOK_Geu",
    "GLD_Gog",
    "NAL_Car",
    "NAL_DiL",
    "SCSA_Bon"
  ],
  "cosine_similarity": [
    [
      0.9999999999999857,
      0.25998973401821296,
      0.19933969907176624,
      0.3916350432256911,
      0.23969957694827027,
      0.16383058557547558,
      0.18325768215216584,
      0.3494434293585091,
      0.3558813289135753,
      0.24676238188568908,
      0.1886735764797465,
      0.15740526547728684
    ],
    [
      0.25998973401821296,
      1.0000000000000002,
      0.3686521731567322,
      0.23369321292635808,
      0.14503957256365582,
      0.12200286963739092,
      0.15995840180390364,
      0.25157717295519105,
      0.24401390337638296,
      0.14844341749675297,
      0.11484505395817426,
      0.1555718402614403
    ],
    [
      0.19933969907176624,
      0.3686521731567322,
      1.000000000000001,
      0.1902716544374044,
      0.10196317637377375,
      0.09422893228029935,
      0.13271717373497183,
      0.20492290555519965,
      0.1893555708602411,
      0.11009238351433917,
      0.08881363829550892,
      0.13929863531385897
    ],
    [
      0.3916350432256911,
      0.23369321292635808,
      0.1902716544374044,
      1.000000000000002,
      0.15893905991767437,
      0.15160330161350366,
      0.1669571879044067,
      0.2604509527788415,
      0.26056805408828837,
      0.23526175205562425,
      0.185956251285757,
      0.13873688875228882
    ],
    [
      0.23969957694827027,
      0.14503957256365582,
      0.10196317637377375,
      0.15893905991767437,
      1.0000000000000009,
      0.06665232041552444,
      0.08065826377268738,
      0.27587647863922105,
      0.2151184293158682,
      0.1083743872408964,
      0.07547827646721815,
      0.08412227982754941
    ],
    [
      0.16383058557547558,
      0.12200286963739092,
      0.09422893228029935,
      0.15160330161350366,
      0.06665232041552444,
      0.9999999999999988,
      0.1741602683370267,
      0.12231535764261228,
      0.10603856977016561,
      0.13718638579662198,
      0.13675122925552832,
      0.07903610865185715
    ],
    [
      0.18325768215216584,
      0.15995840180390364,
      0.13271717373497183,
      0.1669571879044067,
      0.08065826377268738,
      0.1741602683370267,
      1.0000000000000004,
      0.1407803286363054,
      0.16236866456822754,
      0.12775417162929328,
      0.12373764511559486,
      0.09820466778773708
    ],
    [
      0.3494434293585091,
      0.25157717295519105,
      0.20492290555519965,
      0.2604509527788415,
      0.27587647863922105,
      0.12231535764261228,
      0.1407803286363054,
      0.9999999999999876,
      0.312671031135168,
      0.16657658957059324,
      0.11745918689082006,
      0.15635554878238206
    ],
    [
      0.3558813289135753,
      0.24401390337638296,
      0.1893555708602411,
      0.26056805408828837,
      0.2151184293158682,
      0.10603856977016561,
      0.16236866456822754,
      0.312671031135168,
      1.0,
      0.20825477162379422,
      0.12910569764240962,
      0.1491446456418633
    ],
    [
      0.24676238188568908,
      0.14844341749675297,
      0.11009238351433917,
      0.23526175205562425,
      0.1083743872408964,
      0.13718638579662198,
      0.12775417162929328,
      0.16657658957059324,
      0.20825477162379422,
      1.0000000000000007,
      0.1599069051428612,
      0.07701746420575391
    ],
    [
      0.1886735764797465,
      0.11484505395817426,
      0.08881363829550892,
      0.185956251285757,
      0.07547827646721815,
      0.13675122925552832,
      0.12373764511559486,
      0.11745918689082006,
      0.12910569764240962,
      0.1599069051428612,
      1.0000000000000013,
      0.07864296884546938
    ],
    [
      0.15740526547728684,
      0.1555718402614403,
      0.13929863531385897,
      0.13873688875228882,
      0.08412227982754941,
      0.07903610865185715,
      0.09820466778773708,
      0.15635554878238206,
      0.1491446456418633,
      0.07701746420575391,
      0.07864296884546938,
      1.0000000000000668
    ]
  ],
  "jaccard_char": {
    "n": 3,
    "matrix": [
      [
        1.0,
        0.3675,
        0.3137,
        0.4049,
        0.235,
        0.1958,
        0.2722,
        0.401,
        0.3787,
        0.3046,
        0.3036,
        0.3481
      ],
      [
        0.3675,
        1.0,
        0.4855,
        0.4969,
        0.3134,
        0.3199,
        0.4187,
        0.428,
        0.4509,
        0.4149,
        0.4303,
        0.4163
      ],
      [
        0.3137,
        0.4855,
        1.0,
        0.4644,
        0.3453,
        0.3706,
        0.4398,
        0.3913,
        0.4444,
        0.4418,
        0.4468,
        0.3654
      ],
      [
        0.4049,
        0.4969,
        0.4644,
        1.0,
        0.316,
        0.317,
        0.4127,
        0.4435,
        0.4747,
        0.4397,
        0.4458,
        0.4137
      ],
      [
        0.235,
        0.3134,
        0.3453,
        0.316,
        1.0,
        0.3151,
        0.3389,
        0.3064,
        0.3498,
        0.3568,
        0.3392,
        0.2431
      ],
      [
        0.1958,
        0.3199,
        0.3706,
        0.317,
        0.3151,
        1.0,
        0.4046,
        0.2595,
        0.3263,
        0.3822,
        0.3787,
        0.2333
      ],
      [
        0.2722,
        0.4187,
        0.4398,
        0.4127,
        0.3389,
        0.4046,
        1.0,
        0.3361,
        0.4055,
        0.4444,
        0.4512,
        0.3146
      ],
      [
        0.401,
        0.428,
        0.3913,
        0.4435,
        0.3064,
        0.2595,
        0.3361,
        1.0,
        0.427,
        0.3613,
        0.3661,
        0.3789
      ],
      [
        0.3787,
        0.4509,
        0.4444,
        0.4747,
        0.3498,
        0.3263,
        0.4055,
        0.427,
        1.0,
        0.4515,
        0.4302,
        0.366
      ],
      [
        0.3046,
        0.4149,
        0.4418,
        0.4397,
        0.3568,
        0.3822,
        0.4444,
        0.3613,
        0.4515,
        1.0,
        0.4625,
        0.3118
      ],
      [
        0.3036,
        0.4303,
        0.4468,
        0.4458,
        0.3392,
        0.3787,
        0.4512,
        0.3661,
        0.4302,
        0.4625,
        1.0,
        0.3302
      ],
      [
        0.3481,
        0.4163,
        0.3654,
        0.4137,
        0.2431,
        0.2333,
        0.3146,
        0.3789,
        0.366,
        0.3118,
        0.3302,
        1.0
      ]
    ]
  },
  "jaccard_word": {
    "2": [
      [
        1.0,
        0.0018,
        0.0011,
        0.005,
        0.0025,
        0.0023,
        0.0009,
        0.0075,
        0.006,
        0.0021,
        0.0019,
        0.0004
      ],
      [
        0.0018,
        1.0,
        0.0088,
        0.0027,
        0.002,
        0.0014,
        0.0021,
        0.0036,
        0.0027,
        0.0015,
        0.0011,
        0.003
      ],
      [
        0.0011,
        0.0088,
        1.0,
        0.0018,
        0.0004,
        0.0006,
        0.0008,
        0.0017,
        0.0016,
        0.0009,
        0.0006,
        0.0018
      ],
      [
        0.005,
        0.0027,
        0.0018,
        1.0,
        0.002,
        0.0029,
        0.0014,
        0.0027,
        0.0028,
        0.0026,
        0.0029,
        0.0012
      ],
      [
        0.0025,
        0.002,
        0.0004,
        0.002,
        1.0,
        0.0013,
        0.0009,
        0.0048,
        0.0042,
        0.0011,
        0.0,
        0.0008
      ],
      [
        0.0023,
        0.0014,
        0.0006,
        0.0029,
        0.0013,
        1.0,
        0.0066,
        0.0012,
        0.0005,
        0.0017,
        0.002,
        0.0012
      ],
      [
        0.0009,
        0.0021,
        0.0008,
        0.0014,
        0.0009,
        0.0066,
        1.0,
        0.001,
        0.0015,
        0.0013,
        0.0011,
        0.0017
      ],
      [
        0.0075,
        0.0036,
        0.0017,
        0.0027,
        0.0048,
        0.0012,
        0.001,
        1.0,
        0.0057,
        0.0009,
        0.0011,
        0.0028
      ],
      [
        0.006,
        0.0027,
        0.0016,
        0.0028,
        0.0042,
        0.0005,
        0.0015,
        0.0057,
        1.0,
        0.0024,
        0.0011,
        0.001
      ],
      [
        0.0021,
        0.0015,
        0.0009,
        0.0026,
        0.0011,
        0.0017,
        0.0013,
        0.0009,
        0.0024,
        1.0,
        0.0018,
        0.0006
      ],
      [
        0.0019,
        0.0011,
        0.0006,
        0.0029,
        0.0,
        0.002,
        0.0011,
        0.0011,
        0.0011,
        0.0018,
        1.0,
        0.0005
      ],
      [
        0.0004,
        0.003,
        0.0018,
        0.0012,
        0.0008,
        0.0012,
        0.0017,
        0.0028,
        0.001,
        0.0006,
        0.0005,
        1.0
      ]
    ],
    "3": [
      [
        1.0,
        0.0,
        0.0,
        0.0001,
        0.0,
        0.0,
        0.0,
        0.0002,
        0.0005,
        0.0,
        0.0,
        0.0
      ],
      [
        0.0,
        1.0,
        0.0003,
        0.0,
        0.0,
        0.0,
        0.0,
        0.0,
        0.0,
        0.0,
        0.0,
        0.0
      ],
      [
        0.0,
        0.0003,
        1.0,
        0.0,
        0.0,
        0.0,
        0.0001,
        0.0,
        0.0,
        0.0,
        0.0,
        0.0
      ],
      [
        0.0001,
        0.0,
        0.0,
        1.0,
        0.0001,
        0.0001,
        0.0,
        0.0001,
        0.0001,
        0.0001,
        0.0001,
        0.0
      ],
      [
        0.0,
        0.0,
        0.0,
        0.0001,
        1.0,
        0.0,
        0.0,
        0.0005,
        0.0001,
        0.0,
        0.0,
        0.0
      ],
      [
        0.0,
        0.0,
        0.0,
        0.0001,
        0.0,
        1.0,
        0.0,
        0.0,
        0.0,
        0.0,
        0.0,
        0.0
      ],
      [
        0.0,
        0.0,
        0.0001,
        0.0,
        0.0,
        0.0,
        1.0,
        0.0,
        0.0,
        0.0,
        0.0,
        0.0
      ],
      [
        0.0002,
        0.0,
        0.0,
        0.0001,
        0.0005,
        0.0,
        0.0,
        1.0,
        0.0002,
        0.0,
        0.0001,
        0.0
      ],
      [
        0.0005,
        0.0,
        0.0,
        0.0001,
        0.0001,
        0.0,
        0.0,
        0.0002,
        1.0,
        0.0,
        0.0,
        0.0
      ],
      [
        0.0,
        0.0,
        0.0,
        0.0001,
        0.0,
        0.0,
        0.0,
        0.0,
        0.0,
        1.0,
        0.0,
        0.0
      ],
      [
        0.0,
        0.0,
        0.0,
        0.0001,
        0.0,
        0.0,
        0.0,
        0.0001,
        0.0,
        0.0,
        1.0,
        0.0
      ],
      [
        0.0,
        0.0,
        0.0,
        0.0,
        0.0,
        0.0,
        0.0,
        0.0,
        0.0,
        0.0,
        0.0,
        1.0
      ]
    ]
  },
  "embedding_similarity": [
    [
      1.0,
      0.9571,
      0.9675,
      0.982,
      0.9734,
      0.9282,
      0.9355,
      0.9845,
      0.991,
      0.9832,
      0.9433,
      0.9497
    ],
    [
      0.9571,
      1.0,
      0.9858,
      0.9617,
      0.9336,
      0.975,
      0.9767,
      0.94,
      0.9645,
      0.9611,
      0.9467,
      0.976
    ],
    [
      0.9675,
      0.9858,
      1.0,
      0.9696,
      0.9342,
      0.9592,
      0.9707,
      0.9478,
      0.9781,
      0.9675,
      0.9542,
      0.9757
    ],
    [
      0.982,
      0.9617,
      0.9696,
      1.0,
      0.9353,
      0.9487,
      0.9538,
      0.9533,
      0.9854,
      0.9879,
      0.9713,
      0.9525
    ],
    [
      0.9734,
      0.9336,
      0.9342,
      0.9353,
      1.0,
      0.88,
      0.8835,
      0.9888,
      0.9571,
      0.9356,
      0.8728,
      0.9314
    ],
    [
      0.9282,
      0.975,
      0.9592,
      0.9487,
      0.88,
      1.0,
      0.9913,
      0.9015,
      0.9459,
      0.9545,
      0.9682,
      0.9592
    ],
    [
      0.9355,
      0.9767,
      0.9707,
      0.9538,
      0.8835,
      0.9913,
      1.0,
      0.9048,
      0.9543,
      0.9628,
      0.9731,
      0.9614
    ],
    [
      0.9845,
      0.94,
      0.9478,
      0.9533,
      0.9888,
      0.9015,
      0.9048,
      1.0,
      0.9749,
      0.9552,
      0.9053,
      0.945
    ],
    [
      0.991,
      0.9645,
      0.9781,
      0.9854,
      0.9571,
      0.9459,
      0.9543,
      0.9749,
      1.0,
      0.9875,
      0.9592,
      0.9617
    ],
    [
      0.9832,
      0.9611,
      0.9675,
      0.9879,
      0.9356,
      0.9545,
      0.9628,
      0.9552,
      0.9875,
      1.0,
      0.974,
      0.9459
    ],
    [
      0.9433,
      0.9467,
      0.9542,
      0.9713,
      0.8728,
      0.9682,
      0.9731,
      0.9053,
      0.9592,
      0.974,
      1.0,
      0.9409
    ],
    [
      0.9497,
      0.976,
      0.9757,
      0.9525,
      0.9314,
      0.9592,
      0.9614,
      0.945,
      0.9617,
      0.9459,
      0.9409,
      1.0
    ]
  ]
}